28.0
35.00
50.00
10.00
60.00
20.00
389.00
49.00
175.00
89.00
250.00
50.00
60.00
89.00
20.00
50.00
50.00
50.00
109.00
49.00
46.00
46.00
45.00
40.00
35.00
50.00
102.00
161.00
50.00
105.00
213.00
95.00
150.00
50.00
75.00
165.00
100.00
215.00
195.00
50.00
17.00
89.00
39.00
10.00
50.00
89.00
24.00
200.00
300.00
50.00
15.00
24.00
22.00
39.00
18.00
75.00
20.00
150.00
25.00
187.00
89.00
50.00
45.00
5.00
48.00 
35.00
50.00
20.00
39.00
12.00
15.00
15.00
20.00
30.00
24.00
26.00
50.00
89.00
30.00
20.00
20.00
39.00
59.00
5.00
5.00
35.00
24.00
40.00
25.00
50.00
50.00
12.00
69.00
39.00
50.00
30.00
100.00
20.00
20.00
254.0
22.0
20.0
666.0
20.0
20.0
24.0
18.0
6.0
1.0
1.0
2.0
200.0